0.999972 0.000028 0.000000 0.000000 0.000000
0.999951 0.000049 0.000000 0.000000 0.000000
0.999915 0.000085 0.000000 0.000000 0.000000
0.999850 0.000150 0.000000 0.000000 0.000000
0.999736 0.000264 0.000000 0.000000 0.000000
0.999535 0.000465 0.000000 0.000000 0.000000
0.999177 0.000823 0.000000 0.000000 0.000000
0.998544 0.001456 0.000000 0.000000 0.000000
0.997419 0.002581 0.000000 0.000000 0.000000
0.995420 0.004580 0.000000 0.000000 0.000000
0.991872 0.008128 0.000000 0.000000 0.000000
0.985590 0.014410 0.000000 0.000000 0.000000
0.974532 0.025468 0.000000 0.000000 0.000000
0.955295 0.044705 0.000000 0.000000 0.000000
0.922550 0.077450 0.000000 0.000000 0.000000
0.868900 0.131100 0.000000 0.000000 0.000000
0.786375 0.213625 0.000000 0.000000 0.000000
0.671139 0.328861 0.000000 0.000000 0.000000
0.530376 0.469623 0.000001 0.000000 0.000000
0.384178 0.615820 0.000003 0.000000 0.000000
0.255940 0.744054 0.000006 0.000000 0.000000
0.159183 0.840804 0.000013 0.000000 0.000000
0.094210 0.905765 0.000025 0.000000 0.000000
0.053958 0.945993 0.000049 0.000000 0.000000
0.030275 0.969632 0.000093 0.000000 0.000000
0.016771 0.983054 0.000175 0.000000 0.000000
0.009216 0.990457 0.000327 0.000000 0.000000
0.005037 0.994357 0.000606 0.000000 0.000000
0.002742 0.996138 0.001120 0.000000 0.000000
0.001488 0.996449 0.002063 0.000000 0.000000
0.000805 0.995405 0.003790 0.000000 0.000000
0.000434 0.992624 0.006943 0.000000 0.000000
0.000233 0.987104 0.012663 0.000000 0.000000
0.000124 0.976921 0.022955 0.000000 0.000000
0.000065 0.958731 0.041204 0.000000 0.000000
0.000034 0.927184 0.072782 0.000000 0.000000
0.000017 0.874741 0.125242 0.000000 0.000000
0.000008 0.793153 0.206838 0.000000 0.000000
0.000004 0.678278 0.321719 0.000000 0.000000
0.000002 0.537200 0.462798 0.000000 0.000000
0.000001 0.390235 0.609764 0.000000 0.000000
0.000000 0.261088 0.738911 0.000000 0.000001
0.000000 0.163430 0.836568 0.000000 0.000001
0.000000 0.097605 0.902393 0.000000 0.000002
0.000000 0.056576 0.943420 0.000000 0.000003
0.000000 0.032223 0.967772 0.000000 0.000005
0.000000 0.018176 0.981815 0.000000 0.000009
0.000000 0.010202 0.989783 0.000000 0.000015
0.000000 0.005714 0.994261 0.000000 0.000025
0.000000 0.003198 0.996757 0.000002 0.000043
0.000000 0.001791 0.998128 0.000008 0.000074
0.000000 0.001003 0.998836 0.000031 0.000129
0.000000 0.000563 0.999088 0.000119 0.000230
0.000000 0.000316 0.998844 0.000425 0.000415
0.000000 0.000177 0.997631 0.001434 0.000757
0.000000 0.000099 0.993952 0.004547 0.001401
0.000000 0.000056 0.983821 0.013512 0.002612
0.000000 0.000031 0.957865 0.037244 0.004860
0.000000 0.000016 0.897926 0.093221 0.008837
0.000000 0.000008 0.780756 0.204112 0.015124
0.000000 0.000003 0.602570 0.374113 0.023313
0.000000 0.000001 0.405023 0.563216 0.031760
0.000000 0.000000 0.243984 0.716666 0.039349
0.000000 0.000000 0.139117 0.814055 0.046828
0.000000 0.000000 0.078698 0.865198 0.056104
0.000000 0.000000 0.045429 0.884965 0.069606
0.000000 0.000000 0.027105 0.882324 0.090572
0.000000 0.000000 0.016751 0.859370 0.123879
0.000000 0.000000 0.010654 0.812398 0.176949
0.000000 0.000000 0.006862 0.733422 0.259716
0.000000 0.000000 0.004351 0.614800 0.380849
0.000000 0.000000 0.002614 0.460473 0.536913
0.000000 0.000000 0.001434 0.297060 0.701506
0.000000 0.000000 0.000708 0.162588 0.836704
0.000000 0.000000 0.000318 0.076507 0.923175
0.000000 0.000000 0.000134 0.031799 0.968067
0.000000 0.000000 0.000054 0.011955 0.987991
0.000000 0.000000 0.000021 0.004125 0.995853
0.000000 0.000000 0.000008 0.001316 0.998675
0.000000 0.000000 0.000003 0.000390 0.999607
0.000000 0.000000 0.000001 0.000107 0.999892
0.000000 0.000000 0.000000 0.000027 0.999972
0.000000 0.000000 0.000000 0.000006 0.999993
0.000000 0.000000 0.000000 0.000001 0.999999
0.000000 0.000000 0.000000 0.000000 1.000000
0.000000 0.000000 0.000000 0.000000 1.000000
0.000000 0.000000 0.000000 0.000000 1.000000
0.000000 0.000000 0.000000 0.000000 1.000000
0.000000 0.000000 0.000000 0.000000 1.000000
0.000000 0.000000 0.000000 0.000000 1.000000
0.000000 0.000000 0.000000 0.000000 1.000000
0.000000 0.000000 0.000000 0.000000 1.000000
0.000000 0.000000 0.000000 0.000000 1.000000
0.000000 0.000000 0.000000 0.000000 1.000000
0.000000 0.000000 0.000000 0.000000 1.000000
0.000000 0.000000 0.000000 0.000000 1.000000
0.000000 0.000000 0.000000 0.000000 1.000000
0.000000 0.000000 0.000000 0.000000 1.000000
0.000000 0.000000 0.000000 0.000000 1.000000
0.000000 0.000000 0.000000 0.000000 1.000000