0.008014 0.000000 0.000000 0.000000 0.000000 0.991974 0.000012 0.000000 0.000000 0.000000 0.000000
0.012427 0.000000 0.000000 0.000000 0.000000 0.987548 0.000025 0.000000 0.000000 0.000000 0.000000
0.019384 0.000000 0.000000 0.000000 0.000000 0.980562 0.000053 0.000000 0.000000 0.000000 0.000000
0.030371 0.000000 0.000000 0.000000 0.000000 0.969514 0.000115 0.000000 0.000000 0.000000 0.000000
0.047670 0.000000 0.000000 0.000000 0.000000 0.952082 0.000247 0.000000 0.000000 0.000000 0.000000
0.074652 0.000000 0.000000 0.000000 0.000000 0.924815 0.000532 0.000000 0.000000 0.000000 0.000000
0.115903 0.000000 0.000000 0.000000 0.000000 0.882963 0.001133 0.000000 0.000000 0.000000 0.000001
0.176744 0.000000 0.000000 0.000000 0.000000 0.820883 0.002372 0.000000 0.000000 0.000000 0.000002
0.261391 0.000000 0.000000 0.000000 0.000000 0.733790 0.004813 0.000000 0.000000 0.000000 0.000006
0.369342 0.000000 0.000000 0.000000 0.000000 0.621309 0.009333 0.000000 0.000000 0.000000 0.000016
0.491608 0.000000 0.000000 0.000000 0.000000 0.491304 0.017048 0.000000 0.000000 0.000000 0.000040
0.611111 0.000000 0.000000 0.000000 0.000000 0.359714 0.029081 0.000000 0.000000 0.000000 0.000094
0.709569 0.000000 0.000000 0.000000 0.000000 0.243889 0.046335 0.000000 0.000000 0.000000 0.000208
0.775711 0.000000 0.000000 0.000000 0.000000 0.154351 0.069507 0.000000 0.000000 0.000000 0.000430
0.807618 0.000001 0.000000 0.000000 0.000000 0.092233 0.099300 0.000000 0.000000 0.000000 0.000849
0.809266 0.000001 0.000000 0.000000 0.000000 0.052589 0.136534 0.000000 0.000000 0.000000 0.001610
0.786207 0.000004 0.000000 0.000000 0.000000 0.028821 0.182007 0.000000 0.000000 0.000000 0.002961
0.743334 0.000009 0.000000 0.000000 0.000000 0.015240 0.236118 0.000000 0.000000 0.000000 0.005299
0.684589 0.000021 0.000000 0.000000 0.000000 0.007782 0.298375 0.000000 0.000000 0.000000 0.009232
0.613552 0.000049 0.000000 0.000000 0.000000 0.003834 0.366916 0.000000 0.000000 0.000000 0.015649
0.534087 0.000111 0.000000 0.000000 0.000000 0.001819 0.438229 0.000000 0.000000 0.000000 0.025754
0.450591 0.000243 0.000000 0.000000 0.000000 0.000829 0.507272 0.000000 0.000000 0.000000 0.041065
0.367756 0.000515 0.000000 0.000000 0.000000 0.000363 0.568043 0.000000 0.000000 0.000000 0.063325
0.289971 0.001053 0.000000 0.000000 0.000000 0.000152 0.614516 0.000000 0.000000 0.000000 0.094308
0.220685 0.002080 0.000000 0.000000 0.000000 0.000061 0.641655 0.000000 0.000000 0.000000 0.135519
0.162002 0.003960 0.000000 0.000000 0.000000 0.000023 0.646238 0.000000 0.000000 0.000000 0.187776
0.114635 0.007267 0.000000 0.000000 0.000000 0.000009 0.627371 0.000000 0.000000 0.000000 0.250718
0.078136 0.012842 0.000000 0.000000 0.000000 0.000003 0.586666 0.000000 0.000000 0.000001 0.322352
0.051266 0.021838 0.000000 0.000000 0.000000 0.000001 0.528074 0.000000 0.000000 0.000002 0.398819
0.032363 0.035721 0.000000 0.000000 0.000000 0.000000 0.457327 0.000000 0.000000 0.000005 0.474585
0.019654 0.056195 0.000000 0.000000 0.000000 0.000000 0.381015 0.000000 0.000000 0.000012 0.543124
0.011486 0.085053 0.000000 0.000000 0.000000 0.000000 0.305476 0.000000 0.000000 0.000030 0.597955
0.006464 0.123926 0.000000 0.000000 0.000000 0.000000 0.235831 0.000000 0.000000 0.000070 0.633709
0.003505 0.173949 0.000000 0.000000 0.000000 0.000000 0.175436 0.000000 0.000000 0.000161 0.646949
0.001833 0.235361 0.000000 0.000000 0.000000 0.000000 0.125835 0.000000 0.000000 0.000354 0.636618
0.000924 0.307126 0.000001 0.000000 0.000000 0.000000 0.087069 0.000000 0.000000 0.000751 0.604129
0.000450 0.386714 0.000002 0.000000 0.000000 0.000000 0.058146 0.000000 0.000000 0.001536 0.553152
0.000212 0.470199 0.000005 0.000000 0.000000 0.000000 0.037507 0.000000 0.000000 0.003032 0.489046
0.000096 0.552722 0.000013 0.000000 0.000000 0.000000 0.023396 0.000000 0.000000 0.005786 0.417986
0.000042 0.629174 0.000033 0.000000 0.000000 0.000000 0.014136 0.000000 0.000000 0.010687 0.345928
0.000018 0.694767 0.000081 0.000000 0.000000 0.000000 0.008287 0.000000 0.000000 0.019140 0.277706
0.000008 0.745249 0.000189 0.000000 0.000000 0.000000 0.004721 0.000000 0.000000 0.033286 0.216547
0.000003 0.776684 0.000432 0.000000 0.000000 0.000000 0.002613 0.000000 0.000000 0.056218 0.164049
0.000001 0.785062 0.000958 0.000000 0.000001 0.000000 0.001403 0.000000 0.000000 0.092049 0.120527
0.000000 0.766247 0.002049 0.000000 0.000002 0.000000 0.000728 0.000000 0.000000 0.145473 0.085501
0.000000 0.716974 0.004206 0.000000 0.000005 0.000000 0.000362 0.000000 0.000000 0.220309 0.058144
0.000000 0.637260 0.008206 0.000000 0.000014 0.000000 0.000171 0.000000 0.000000 0.316793 0.037556
0.000000 0.533269 0.015082 0.000000 0.000034 0.000000 0.000076 0.000000 0.000000 0.428700 0.022838
0.000000 0.417880 0.025974 0.000000 0.000082 0.000000 0.000032 0.000000 0.000000 0.543028 0.013004
0.000000 0.306786 0.041933 0.000000 0.000183 0.000000 0.000012 0.000000 0.000000 0.644148 0.006937
0.000000 0.212307 0.063853 0.000000 0.000385 0.000000 0.000005 0.000000 0.000000 0.719962 0.003488
0.000000 0.139776 0.092557 0.000000 0.000771 0.000000 0.000002 0.000000 0.000000 0.765226 0.001668
0.000000 0.088349 0.128882 0.000000 0.001482 0.000000 0.000001 0.000000 0.000001 0.780520 0.000766
0.000000 0.053986 0.173599 0.000000 0.002754 0.000000 0.000000 0.000000 0.000003 0.769318 0.000340
0.000000 0.032021 0.227116 0.000000 0.004968 0.000000 0.000000 0.000000 0.000007 0.735741 0.000146
0.000000 0.018464 0.289020 0.000000 0.008714 0.000000 0.000000 0.000000 0.000017 0.683723 0.000061
0.000000 0.010345 0.357601 0.000000 0.014852 0.000000 0.000000 0.000000 0.000041 0.617136 0.000025
0.000000 0.005623 0.429519 0.000000 0.024563 0.000000 0.000000 0.000000 0.000094 0.540192 0.000010
0.000000 0.002960 0.499838 0.000000 0.039339 0.000000 0.000000 0.000000 0.000209 0.457651 0.000004
0.000000 0.001506 0.562549 0.000000 0.060904 0.000000 0.000000 0.000000 0.000447 0.374592 0.000001
0.000000 0.000739 0.611485 0.000000 0.091026 0.000000 0.000000 0.000000 0.000925 0.295823 0.000000
0.000000 0.000350 0.641387 0.000000 0.131217 0.000000 0.000000 0.000000 0.001845 0.225201 0.000000
0.000000 0.000160 0.648798 0.000000 0.182333 0.000000 0.000000 0.000000 0.003545 0.165164 0.000000
0.000000 0.000070 0.632619 0.000000 0.244108 0.000000 0.000000 0.000000 0.006559 0.116644 0.000000
0.000000 0.000030 0.594288 0.000000 0.314715 0.000000 0.000000 0.000000 0.011683 0.079284 0.000000
0.000000 0.000012 0.537596 0.000000 0.390530 0.000000 0.000000 0.000001 0.020022 0.051840 0.000000
0.000000 0.000005 0.468128 0.000000 0.466270 0.000000 0.000000 0.000001 0.033000 0.032595 0.000000
0.000000 0.000002 0.392374 0.000000 0.535604 0.000000 0.000000 0.000004 0.052309 0.019707 0.000000
0.000000 0.000001 0.316655 0.000000 0.592107 0.000000 0.000000 0.000011 0.079766 0.011460 0.000000
0.000000 0.000000 0.246187 0.000000 0.630294 0.000000 0.000000 0.000029 0.117077 0.006414 0.000000
0.000000 0.000000 0.184503 0.000000 0.646465 0.000000 0.000000 0.000070 0.165505 0.003457 0.000000
0.000000 0.000000 0.133365 0.000000 0.639210 0.000000 0.000000 0.000166 0.225464 0.001795 0.000000
0.000000 0.000000 0.093020 0.000000 0.609586 0.000000 0.000000 0.000378 0.296116 0.000898 0.000000
0.000000 0.000000 0.062636 0.000000 0.560968 0.000000 0.000000 0.000827 0.375135 0.000434 0.000000
0.000000 0.000000 0.040751 0.000000 0.498537 0.000000 0.000000 0.001739 0.458772 0.000202 0.000000
0.000000 0.000000 0.025649 0.000000 0.428424 0.000000 0.000000 0.003522 0.542315 0.000091 0.000000
0.000000 0.000000 0.015646 0.000000 0.356657 0.000000 0.000000 0.006881 0.620775 0.000040 0.000000
0.000000 0.000000 0.009269 0.000002 0.288214 0.000000 0.000000 0.013002 0.689497 0.000017 0.000000
0.000000 0.000000 0.005342 0.000006 0.226473 0.000000 0.000000 0.023793 0.744380 0.000007 0.000000
0.000000 0.000000 0.002997 0.000018 0.173154 0.000000 0.000000 0.042200 0.781628 0.000003 0.000000
0.000000 0.000000 0.001635 0.000054 0.128645 0.000000 0.000000 0.072445 0.797220 0.000001 0.000000
0.000000 0.000000 0.000863 0.000155 0.092496 0.000000 0.000000 0.119885 0.786600 0.000000 0.000000
0.000000 0.000000 0.000438 0.000423 0.063896 0.000000 0.000000 0.189862 0.745381 0.000000 0.000000
0.000000 0.000000 0.000212 0.001081 0.041996 0.000000 0.000000 0.284958 0.671753 0.000000 0.000000
0.000000 0.000000 0.000096 0.002565 0.026000 0.000000 0.000000 0.401291 0.570047 0.000000 0.000000
0.000000 0.000000 0.000041 0.005611 0.015064 0.000000 0.000000 0.526771 0.452513 0.000000 0.000000
0.000000 0.000000 0.000016 0.011315 0.008167 0.000000 0.000000 0.644508 0.335993 0.000000 0.000000
0.000000 0.000000 0.000006 0.021169 0.004170 0.000000 0.000000 0.739781 0.234873 0.000000 0.000000
0.000000 0.000000 0.000002 0.037119 0.002026 0.000000 0.000000 0.804707 0.156146 0.000000 0.000000
0.000000 0.000000 0.000001 0.061603 0.000946 0.000000 0.000000 0.837748 0.099703 0.000000 0.000000
0.000000 0.000000 0.000000 0.097445 0.000427 0.000000 0.000000 0.840554 0.061573 0.000000 0.000000
0.000000 0.000000 0.000000 0.147405 0.000187 0.000000 0.000000 0.815508 0.036900 0.000000 0.000000
0.000000 0.000000 0.000000 0.213265 0.000080 0.000000 0.000000 0.765193 0.021462 0.000000 0.000000
0.000000 0.000000 0.000000 0.294629 0.000033 0.000000 0.000000 0.693243 0.012096 0.000000 0.000000
0.000000 0.000000 0.000000 0.388009 0.000013 0.000000 0.000000 0.605384 0.006594 0.000000 0.000000
0.000000 0.000000 0.000000 0.487022 0.000005 0.000000 0.000000 0.509496 0.003477 0.000000 0.000000
0.000000 0.000000 0.000000 0.584001 0.000002 0.000000 0.000000 0.414220 0.001777 0.000000 0.000000
0.000000 0.000000 0.000000 0.672236 0.000001 0.000000 0.000000 0.326878 0.000885 0.000000 0.000000
0.000000 0.000000 0.000000 0.747575 0.000000 0.000000 0.000000 0.251993 0.000432 0.000000 0.000000
0.000000 0.000000 0.000000 0.808710 0.000000 0.000000 0.000000 0.191081 0.000208 0.000000 0.000000