0.941163 0.058823 0.000014 0.000000 0.000000 0.000000 0.000000 0.000000 0.000000
0.910854 0.089112 0.000034 0.000000 0.000000 0.000000 0.000000 0.000000 0.000000
0.867128 0.132793 0.000079 0.000000 0.000000 0.000000 0.000000 0.000000 0.000000
0.806491 0.193328 0.000181 0.000000 0.000000 0.000000 0.000000 0.000000 0.000000
0.726859 0.272741 0.000400 0.000000 0.000000 0.000000 0.000000 0.000000 0.000000
0.629441 0.369710 0.000848 0.000000 0.000000 0.000000 0.000000 0.000000 0.000000
0.520097 0.478185 0.001717 0.000000 0.000000 0.000000 0.000000 0.000000 0.000000
0.408618 0.588076 0.003306 0.000000 0.000000 0.000000 0.000000 0.000000 0.000000
0.305565 0.688377 0.006058 0.000000 0.000000 0.000000 0.000000 0.000000 0.000000
0.218582 0.770800 0.010618 0.000001 0.000000 0.000000 0.000000 0.000000 0.000000
0.150626 0.831444 0.017928 0.000002 0.000000 0.000000 0.000000 0.000000 0.000000
0.100683 0.869951 0.029362 0.000004 0.000000 0.000000 0.000000 0.000000 0.000000
0.065617 0.887485 0.046888 0.000010 0.000000 0.000000 0.000000 0.000000 0.000000
0.041801 0.884986 0.073189 0.000024 0.000000 0.000000 0.000000 0.000000 0.000000
0.026020 0.862297 0.111627 0.000056 0.000000 0.000000 0.000000 0.000000 0.000000
0.015774 0.818281 0.165814 0.000131 0.000000 0.000000 0.000000 0.000000 0.000000
0.009260 0.751935 0.238509 0.000296 0.000000 0.000000 0.000000 0.000000 0.000000
0.005226 0.664301 0.329833 0.000640 0.000000 0.000000 0.000000 0.000000 0.000000
0.002816 0.560353 0.435508 0.001322 0.000000 0.000000 0.000000 0.000000 0.000000
0.001443 0.449323 0.546636 0.002598 0.000000 0.000000 0.000000 0.000000 0.000000
0.000702 0.342400 0.652047 0.004850 0.000000 0.000000 0.000000 0.000000 0.000000
0.000326 0.248946 0.742087 0.008641 0.000000 0.000000 0.000000 0.000000 0.000000
0.000146 0.173852 0.811215 0.014786 0.000001 0.000000 0.000000 0.000000 0.000000
0.000063 0.117468 0.857987 0.024479 0.000003 0.000000 0.000000 0.000000 0.000000
0.000026 0.077255 0.883265 0.039447 0.000007 0.000000 0.000000 0.000000 0.000000
0.000011 0.049632 0.888244 0.062096 0.000017 0.000000 0.000000 0.000000 0.000000
0.000004 0.031171 0.873227 0.095557 0.000041 0.000000 0.000000 0.000000 0.000000
0.000002 0.019096 0.837370 0.143436 0.000096 0.000000 0.000000 0.000000 0.000000
0.000001 0.011355 0.779435 0.208991 0.000219 0.000000 0.000000 0.000000 0.000000
0.000000 0.006510 0.699443 0.293565 0.000481 0.000000 0.000000 0.000000 0.000000
0.000000 0.003572 0.600738 0.394678 0.001013 0.000000 0.000000 0.000000 0.000000
0.000000 0.001865 0.491079 0.505027 0.002029 0.000000 0.000000 0.000000 0.000000
0.000000 0.000925 0.381339 0.613875 0.003860 0.000000 0.000000 0.000000 0.000000
0.000000 0.000437 0.281992 0.710576 0.006994 0.000000 0.000000 0.000000 0.000000
0.000000 0.000198 0.199754 0.787907 0.012140 0.000001 0.000000 0.000000 0.000000
0.000000 0.000086 0.136541 0.843038 0.020333 0.000002 0.000000 0.000000 0.000000
0.000000 0.000037 0.090661 0.876217 0.033080 0.000005 0.000000 0.000000 0.000000
0.000000 0.000015 0.058744 0.888710 0.052519 0.000012 0.000000 0.000000 0.000000
0.000000 0.000006 0.037213 0.881234 0.081518 0.000029 0.000000 0.000000 0.000000
0.000000 0.000002 0.023021 0.853344 0.123563 0.000070 0.000000 0.000000 0.000000
0.000000 0.000001 0.013853 0.803798 0.182187 0.000161 0.000000 0.000000 0.000000
0.000000 0.000000 0.008058 0.731906 0.259675 0.000360 0.000000 0.000000 0.000000
0.000000 0.000000 0.004498 0.639547 0.355184 0.000771 0.000000 0.000000 0.000000
0.000000 0.000000 0.002394 0.532828 0.463205 0.001573 0.000000 0.000000 0.000000
0.000000 0.000000 0.001211 0.421782 0.573956 0.003051 0.000000 0.000000 0.000000
0.000000 0.000000 0.000582 0.317497 0.676294 0.005627 0.000000 0.000000 0.000000
0.000000 0.000000 0.000268 0.228369 0.761445 0.009917 0.000001 0.000000 0.000000
0.000000 0.000000 0.000118 0.158068 0.824993 0.016820 0.000001 0.000000 0.000000
0.000000 0.000000 0.000051 0.106033 0.866268 0.027645 0.000003 0.000000 0.000000
0.000000 0.000000 0.000021 0.069311 0.886380 0.044279 0.000009 0.000000 0.000000
0.000000 0.000000 0.000009 0.044279 0.886380 0.069311 0.000021 0.000000 0.000000
0.000000 0.000000 0.000003 0.027645 0.866268 0.106033 0.000051 0.000000 0.000000
0.000000 0.000000 0.000001 0.016820 0.824993 0.158068 0.000118 0.000000 0.000000
0.000000 0.000000 0.000001 0.009917 0.761445 0.228369 0.000268 0.000000 0.000000
0.000000 0.000000 0.000000 0.005627 0.676294 0.317497 0.000582 0.000000 0.000000
0.000000 0.000000 0.000000 0.003051 0.573956 0.421782 0.001211 0.000000 0.000000
0.000000 0.000000 0.000000 0.001573 0.463205 0.532828 0.002394 0.000000 0.000000
0.000000 0.000000 0.000000 0.000771 0.355184 0.639547 0.004498 0.000000 0.000000
0.000000 0.000000 0.000000 0.000360 0.259675 0.731906 0.008058 0.000000 0.000000
0.000000 0.000000 0.000000 0.000161 0.182187 0.803798 0.013853 0.000001 0.000000
0.000000 0.000000 0.000000 0.000070 0.123563 0.853344 0.023021 0.000002 0.000000
0.000000 0.000000 0.000000 0.000029 0.081518 0.881234 0.037213 0.000006 0.000000
0.000000 0.000000 0.000000 0.000012 0.052519 0.888710 0.058744 0.000015 0.000000
0.000000 0.000000 0.000000 0.000005 0.033080 0.876217 0.090661 0.000037 0.000000
0.000000 0.000000 0.000000 0.000002 0.020333 0.843038 0.136541 0.000086 0.000000
0.000000 0.000000 0.000000 0.000001 0.012140 0.787907 0.199754 0.000198 0.000000
0.000000 0.000000 0.000000 0.000000 0.006994 0.710576 0.281992 0.000437 0.000000
0.000000 0.000000 0.000000 0.000000 0.003860 0.613875 0.381339 0.000925 0.000000
0.000000 0.000000 0.000000 0.000000 0.002029 0.505027 0.491079 0.001865 0.000000
0.000000 0.000000 0.000000 0.000000 0.001013 0.394678 0.600738 0.003572 0.000000
0.000000 0.000000 0.000000 0.000000 0.000481 0.293565 0.699443 0.006510 0.000000
0.000000 0.000000 0.000000 0.000000 0.000219 0.208991 0.779435 0.011355 0.000001
0.000000 0.000000 0.000000 0.000000 0.000096 0.143436 0.837370 0.019096 0.000002
0.000000 0.000000 0.000000 0.000000 0.000041 0.095557 0.873227 0.031171 0.000004
0.000000 0.000000 0.000000 0.000000 0.000017 0.062096 0.888244 0.049632 0.000011
0.000000 0.000000 0.000000 0.000000 0.000007 0.039447 0.883265 0.077255 0.000026
0.000000 0.000000 0.000000 0.000000 0.000003 0.024479 0.857987 0.117468 0.000063
0.000000 0.000000 0.000000 0.000000 0.000001 0.014786 0.811215 0.173852 0.000146
0.000000 0.000000 0.000000 0.000000 0.000000 0.008641 0.742087 0.248946 0.000326
0.000000 0.000000 0.000000 0.000000 0.000000 0.004850 0.652047 0.342400 0.000702
0.000000 0.000000 0.000000 0.000000 0.000000 0.002598 0.546636 0.449323 0.001443
0.000000 0.000000 0.000000 0.000000 0.000000 0.001322 0.435508 0.560353 0.002816
0.000000 0.000000 0.000000 0.000000 0.000000 0.000640 0.329833 0.664301 0.005226
0.000000 0.000000 0.000000 0.000000 0.000000 0.000296 0.238509 0.751935 0.009260
0.000000 0.000000 0.000000 0.000000 0.000000 0.000131 0.165814 0.818281 0.015774
0.000000 0.000000 0.000000 0.000000 0.000000 0.000056 0.111627 0.862297 0.026020
0.000000 0.000000 0.000000 0.000000 0.000000 0.000024 0.073189 0.884986 0.041801
0.000000 0.000000 0.000000 0.000000 0.000000 0.000010 0.046888 0.887485 0.065617
0.000000 0.000000 0.000000 0.000000 0.000000 0.000004 0.029362 0.869951 0.100683
0.000000 0.000000 0.000000 0.000000 0.000000 0.000002 0.017928 0.831444 0.150626
0.000000 0.000000 0.000000 0.000000 0.000000 0.000001 0.010618 0.770800 0.218582
0.000000 0.000000 0.000000 0.000000 0.000000 0.000000 0.006058 0.688377 0.305565
0.000000 0.000000 0.000000 0.000000 0.000000 0.000000 0.003306 0.588076 0.408618
0.000000 0.000000 0.000000 0.000000 0.000000 0.000000 0.001717 0.478185 0.520097
0.000000 0.000000 0.000000 0.000000 0.000000 0.000000 0.000848 0.369710 0.629441
0.000000 0.000000 0.000000 0.000000 0.000000 0.000000 0.000400 0.272741 0.726859
0.000000 0.000000 0.000000 0.000000 0.000000 0.000000 0.000181 0.193328 0.806491
0.000000 0.000000 0.000000 0.000000 0.000000 0.000000 0.000079 0.132793 0.867128
0.000000 0.000000 0.000000 0.000000 0.000000 0.000000 0.000034 0.089112 0.910854
0.000000 0.000000 0.000000 0.000000 0.000000 0.000000 0.000014 0.058823 0.941163