0.941163 0.058823 0.000014 0.000000 0.000000 0.000000 0.000000 0.000000 0.000000 0.000000
0.906199 0.093764 0.000038 0.000000 0.000000 0.000000 0.000000 0.000000 0.000000 0.000000
0.853673 0.146229 0.000098 0.000000 0.000000 0.000000 0.000000 0.000000 0.000000 0.000000
0.778882 0.220874 0.000245 0.000000 0.000000 0.000000 0.000000 0.000000 0.000000 0.000000
0.680121 0.319293 0.000586 0.000000 0.000000 0.000000 0.000000 0.000000 0.000000 0.000000
0.561936 0.436738 0.001326 0.000000 0.000000 0.000000 0.000000 0.000000 0.000000 0.000000
0.436085 0.561095 0.002820 0.000000 0.000000 0.000000 0.000000 0.000000 0.000000 0.000000
0.317682 0.676688 0.005630 0.000000 0.000000 0.000000 0.000000 0.000000 0.000000 0.000000
0.218582 0.770800 0.010618 0.000001 0.000000 0.000000 0.000000 0.000000 0.000000 0.000000
0.143450 0.837451 0.019098 0.000002 0.000000 0.000000 0.000000 0.000000 0.000000 0.000000
0.090665 0.876249 0.033081 0.000005 0.000000 0.000000 0.000000 0.000000 0.000000 0.000000
0.055555 0.888877 0.055555 0.000014 0.000000 0.000000 0.000000 0.000000 0.000000 0.000000
0.033080 0.876222 0.090662 0.000037 0.000000 0.000000 0.000000 0.000000 0.000000 0.000000
0.019096 0.837372 0.143437 0.000096 0.000000 0.000000 0.000000 0.000000 0.000000 0.000000
0.010615 0.770614 0.218529 0.000242 0.000000 0.000000 0.000000 0.000000 0.000000 0.000000
0.005627 0.676294 0.317497 0.000582 0.000000 0.000000 0.000000 0.000000 0.000000 0.000000
0.002816 0.560353 0.435508 0.001322 0.000000 0.000000 0.000000 0.000000 0.000000 0.000000
0.001322 0.435508 0.560353 0.002816 0.000000 0.000000 0.000000 0.000000 0.000000 0.000000
0.000582 0.317497 0.676294 0.005627 0.000000 0.000000 0.000000 0.000000 0.000000 0.000000
0.000242 0.218529 0.770613 0.010615 0.000001 0.000000 0.000000 0.000000 0.000000 0.000000
0.000096 0.143436 0.837370 0.019096 0.000002 0.000000 0.000000 0.000000 0.000000 0.000000
0.000037 0.090661 0.876217 0.033080 0.000005 0.000000 0.000000 0.000000 0.000000 0.000000
0.000014 0.055554 0.888865 0.055554 0.000014 0.000000 0.000000 0.000000 0.000000 0.000000
0.000005 0.033080 0.876217 0.090661 0.000037 0.000000 0.000000 0.000000 0.000000 0.000000
0.000002 0.019096 0.837370 0.143436 0.000096 0.000000 0.000000 0.000000 0.000000 0.000000
0.000001 0.010615 0.770613 0.218529 0.000242 0.000000 0.000000 0.000000 0.000000 0.000000
0.000000 0.005627 0.676294 0.317497 0.000582 0.000000 0.000000 0.000000 0.000000 0.000000
0.000000 0.002816 0.560353 0.435508 0.001322 0.000000 0.000000 0.000000 0.000000 0.000000
0.000000 0.001322 0.435508 0.560353 0.002816 0.000000 0.000000 0.000000 0.000000 0.000000
0.000000 0.000582 0.317497 0.676294 0.005627 0.000000 0.000000 0.000000 0.000000 0.000000
0.000000 0.000242 0.218529 0.770613 0.010615 0.000001 0.000000 0.000000 0.000000 0.000000
0.000000 0.000096 0.143436 0.837370 0.019096 0.000002 0.000000 0.000000 0.000000 0.000000
0.000000 0.000037 0.090661 0.876217 0.033080 0.000005 0.000000 0.000000 0.000000 0.000000
0.000000 0.000014 0.055554 0.888865 0.055554 0.000014 0.000000 0.000000 0.000000 0.000000
0.000000 0.000005 0.033080 0.876217 0.090661 0.000037 0.000000 0.000000 0.000000 0.000000
0.000000 0.000002 0.019096 0.837370 0.143436 0.000096 0.000000 0.000000 0.000000 0.000000
0.000000 0.000001 0.010615 0.770613 0.218529 0.000242 0.000000 0.000000 0.000000 0.000000
0.000000 0.000000 0.005627 0.676294 0.317497 0.000582 0.000000 0.000000 0.000000 0.000000
0.000000 0.000000 0.002816 0.560353 0.435508 0.001322 0.000000 0.000000 0.000000 0.000000
0.000000 0.000000 0.001322 0.435508 0.560353 0.002816 0.000000 0.000000 0.000000 0.000000
0.000000 0.000000 0.000582 0.317497 0.676294 0.005627 0.000000 0.000000 0.000000 0.000000
0.000000 0.000000 0.000242 0.218529 0.770613 0.010615 0.000001 0.000000 0.000000 0.000000
0.000000 0.000000 0.000096 0.143436 0.837370 0.019096 0.000002 0.000000 0.000000 0.000000
0.000000 0.000000 0.000037 0.090661 0.876217 0.033080 0.000005 0.000000 0.000000 0.000000
0.000000 0.000000 0.000014 0.055554 0.888865 0.055554 0.000014 0.000000 0.000000 0.000000
0.000000 0.000000 0.000005 0.033080 0.876217 0.090661 0.000037 0.000000 0.000000 0.000000
0.000000 0.000000 0.000002 0.019096 0.837370 0.143436 0.000096 0.000000 0.000000 0.000000
0.000000 0.000000 0.000001 0.010615 0.770613 0.218529 0.000242 0.000000 0.000000 0.000000
0.000000 0.000000 0.000000 0.005627 0.676294 0.317497 0.000582 0.000000 0.000000 0.000000
0.000000 0.000000 0.000000 0.002816 0.560353 0.435508 0.001322 0.000000 0.000000 0.000000
0.000000 0.000000 0.000000 0.001322 0.435508 0.560353 0.002816 0.000000 0.000000 0.000000
0.000000 0.000000 0.000000 0.000582 0.317497 0.676294 0.005627 0.000000 0.000000 0.000000
0.000000 0.000000 0.000000 0.000242 0.218529 0.770613 0.010615 0.000001 0.000000 0.000000
0.000000 0.000000 0.000000 0.000096 0.143436 0.837370 0.019096 0.000002 0.000000 0.000000
0.000000 0.000000 0.000000 0.000037 0.090661 0.876217 0.033080 0.000005 0.000000 0.000000
0.000000 0.000000 0.000000 0.000014 0.055554 0.888865 0.055554 0.000014 0.000000 0.000000
0.000000 0.000000 0.000000 0.000005 0.033080 0.876217 0.090661 0.000037 0.000000 0.000000
0.000000 0.000000 0.000000 0.000002 0.019096 0.837370 0.143436 0.000096 0.000000 0.000000
0.000000 0.000000 0.000000 0.000001 0.010615 0.770613 0.218529 0.000242 0.000000 0.000000
0.000000 0.000000 0.000000 0.000000 0.005627 0.676294 0.317497 0.000582 0.000000 0.000000
0.000000 0.000000 0.000000 0.000000 0.002816 0.560353 0.435508 0.001322 0.000000 0.000000
0.000000 0.000000 0.000000 0.000000 0.001322 0.435508 0.560353 0.002816 0.000000 0.000000
0.000000 0.000000 0.000000 0.000000 0.000582 0.317497 0.676294 0.005627 0.000000 0.000000
0.000000 0.000000 0.000000 0.000000 0.000242 0.218529 0.770613 0.010615 0.000001 0.000000
0.000000 0.000000 0.000000 0.000000 0.000096 0.143436 0.837370 0.019096 0.000002 0.000000
0.000000 0.000000 0.000000 0.000000 0.000037 0.090661 0.876217 0.033080 0.000005 0.000000
0.000000 0.000000 0.000000 0.000000 0.000014 0.055554 0.888865 0.055554 0.000014 0.000000
0.000000 0.000000 0.000000 0.000000 0.000005 0.033080 0.876217 0.090661 0.000037 0.000000
0.000000 0.000000 0.000000 0.000000 0.000002 0.019096 0.837370 0.143436 0.000096 0.000000
0.000000 0.000000 0.000000 0.000000 0.000001 0.010615 0.770613 0.218529 0.000242 0.000000
0.000000 0.000000 0.000000 0.000000 0.000000 0.005627 0.676294 0.317497 0.000582 0.000000
0.000000 0.000000 0.000000 0.000000 0.000000 0.002816 0.560353 0.435508 0.001322 0.000000
0.000000 0.000000 0.000000 0.000000 0.000000 0.001322 0.435508 0.560353 0.002816 0.000000
0.000000 0.000000 0.000000 0.000000 0.000000 0.000582 0.317497 0.676294 0.005627 0.000000
0.000000 0.000000 0.000000 0.000000 0.000000 0.000242 0.218529 0.770613 0.010615 0.000001
0.000000 0.000000 0.000000 0.000000 0.000000 0.000096 0.143436 0.837370 0.019096 0.000002
0.000000 0.000000 0.000000 0.000000 0.000000 0.000037 0.090661 0.876217 0.033080 0.000005
0.000000 0.000000 0.000000 0.000000 0.000000 0.000014 0.055554 0.888865 0.055554 0.000014
0.000000 0.000000 0.000000 0.000000 0.000000 0.000005 0.033080 0.876217 0.090661 0.000037
0.000000 0.000000 0.000000 0.000000 0.000000 0.000002 0.019096 0.837370 0.143436 0.000096
0.000000 0.000000 0.000000 0.000000 0.000000 0.000001 0.010615 0.770613 0.218529 0.000242
0.000000 0.000000 0.000000 0.000000 0.000000 0.000000 0.005627 0.676294 0.317497 0.000582
0.000000 0.000000 0.000000 0.000000 0.000000 0.000000 0.002816 0.560353 0.435508 0.001322
0.000000 0.000000 0.000000 0.000000 0.000000 0.000000 0.001322 0.435508 0.560353 0.002816
0.000000 0.000000 0.000000 0.000000 0.000000 0.000000 0.000582 0.317497 0.676294 0.005627
0.000000 0.000000 0.000000 0.000000 0.000000 0.000000 0.000242 0.218529 0.770614 0.010615
0.000000 0.000000 0.000000 0.000000 0.000000 0.000000 0.000096 0.143437 0.837372 0.019096
0.000000 0.000000 0.000000 0.000000 0.000000 0.000000 0.000037 0.090662 0.876222 0.033080
0.000000 0.000000 0.000000 0.000000 0.000000 0.000000 0.000014 0.055555 0.888877 0.055555
0.000000 0.000000 0.000000 0.000000 0.000000 0.000000 0.000005 0.033081 0.876249 0.090665
0.000000 0.000000 0.000000 0.000000 0.000000 0.000000 0.000002 0.019098 0.837451 0.143450
0.000000 0.000000 0.000000 0.000000 0.000000 0.000000 0.000001 0.010618 0.770800 0.218582
0.000000 0.000000 0.000000 0.000000 0.000000 0.000000 0.000000 0.005630 0.676688 0.317682
0.000000 0.000000 0.000000 0.000000 0.000000 0.000000 0.000000 0.002820 0.561095 0.436085
0.000000 0.000000 0.000000 0.000000 0.000000 0.000000 0.000000 0.001326 0.436738 0.561936
0.000000 0.000000 0.000000 0.000000 0.000000 0.000000 0.000000 0.000586 0.319293 0.680121
0.000000 0.000000 0.000000 0.000000 0.000000 0.000000 0.000000 0.000245 0.220874 0.778882
0.000000 0.000000 0.000000 0.000000 0.000000 0.000000 0.000000 0.000098 0.146229 0.853673
0.000000 0.000000 0.000000 0.000000 0.000000 0.000000 0.000000 0.000038 0.093764 0.906199
0.000000 0.000000 0.000000 0.000000 0.000000 0.000000 0.000000 0.000014 0.058823 0.941163