0.941163 0.058823 0.000014 0.000000
0.931136 0.068845 0.000020 0.000000
0.919545 0.080428 0.000027 0.000000
0.906199 0.093764 0.000038 0.000000
0.890900 0.109048 0.000052 0.000000
0.873453 0.126475 0.000072 0.000000
0.853673 0.146229 0.000098 0.000000
0.831395 0.168471 0.000133 0.000000
0.806491 0.193328 0.000181 0.000000
0.778882 0.220874 0.000245 0.000000
0.748555 0.251116 0.000329 0.000000
0.715581 0.283979 0.000440 0.000000
0.680121 0.319293 0.000586 0.000000
0.642437 0.356789 0.000774 0.000000
0.602891 0.396092 0.001017 0.000000
0.561936 0.436738 0.001326 0.000000
0.520097 0.478185 0.001717 0.000000
0.477950 0.519841 0.002209 0.000000
0.436085 0.561095 0.002820 0.000000
0.395078 0.601347 0.003575 0.000000
0.355458 0.640040 0.004502 0.000000
0.317682 0.676688 0.005630 0.000000
0.282116 0.710887 0.006997 0.000000
0.249027 0.742329 0.008644 0.000000
0.218582 0.770800 0.010618 0.000001
0.190854 0.796171 0.012974 0.000001
0.165836 0.818387 0.015776 0.000001
0.143450 0.837451 0.019098 0.000002
0.123572 0.853403 0.023022 0.000002
0.106038 0.866312 0.027647 0.000003
0.090665 0.876249 0.033081 0.000005
0.077257 0.883288 0.039448 0.000007
0.065617 0.887485 0.046888 0.000010
0.055555 0.888877 0.055555 0.000014
0.046888 0.887477 0.065617 0.000019
0.039448 0.883271 0.077255 0.000026
0.033080 0.876222 0.090662 0.000037
0.027646 0.866271 0.106033 0.000051
0.023021 0.853346 0.123563 0.000070
0.019096 0.837372 0.143437 0.000096
0.015774 0.818281 0.165814 0.000131
0.012972 0.796029 0.190820 0.000179
0.010615 0.770614 0.218529 0.000242
0.008641 0.742087 0.248946 0.000326
0.006994 0.710576 0.281992 0.000437
0.005627 0.676294 0.317497 0.000582
0.004498 0.639547 0.355184 0.000771
0.003572 0.600738 0.394678 0.001013
0.002816 0.560353 0.435508 0.001322
0.002205 0.518951 0.477131 0.001714
0.001714 0.477131 0.518951 0.002205
0.001322 0.435508 0.560353 0.002816
0.001013 0.394678 0.600738 0.003572
0.000771 0.355184 0.639547 0.004498
0.000582 0.317497 0.676294 0.005627
0.000437 0.281992 0.710576 0.006994
0.000326 0.248946 0.742087 0.008641
0.000242 0.218529 0.770614 0.010615
0.000179 0.190820 0.796029 0.012972
0.000131 0.165814 0.818281 0.015774
0.000096 0.143437 0.837372 0.019096
0.000070 0.123563 0.853346 0.023021
0.000051 0.106033 0.866271 0.027646
0.000037 0.090662 0.876222 0.033080
0.000026 0.077255 0.883271 0.039448
0.000019 0.065617 0.887477 0.046888
0.000014 0.055555 0.888877 0.055555
0.000010 0.046888 0.887485 0.065617
0.000007 0.039448 0.883288 0.077257
0.000005 0.033081 0.876249 0.090665
0.000003 0.027647 0.866312 0.106038
0.000002 0.023022 0.853403 0.123572
0.000002 0.019098 0.837451 0.143450
0.000001 0.015776 0.818387 0.165836
0.000001 0.012974 0.796171 0.190854
0.000001 0.010618 0.770800 0.218582
0.000000 0.008644 0.742329 0.249027
0.000000 0.006997 0.710887 0.282116
0.000000 0.005630 0.676688 0.317682
0.000000 0.004502 0.640040 0.355458
0.000000 0.003575 0.601347 0.395078
0.000000 0.002820 0.561095 0.436085
0.000000 0.002209 0.519841 0.477950
0.000000 0.001717 0.478185 0.520097
0.000000 0.001326 0.436738 0.561936
0.000000 0.001017 0.396092 0.602891
0.000000 0.000774 0.356789 0.642437
0.000000 0.000586 0.319293 0.680121
0.000000 0.000440 0.283979 0.715581
0.000000 0.000329 0.251116 0.748555
0.000000 0.000245 0.220874 0.778882
0.000000 0.000181 0.193328 0.806491
0.000000 0.000133 0.168471 0.831395
0.000000 0.000098 0.146229 0.853673
0.000000 0.000072 0.126475 0.873453
0.000000 0.000052 0.109048 0.890900
0.000000 0.000038 0.093764 0.906199
0.000000 0.000027 0.080428 0.919545
0.000000 0.000020 0.068845 0.931136
0.000000 0.000014 0.058823 0.941163